-9.3909e+05,0
-9.3901e+05,0.0033
-9.3886e+05,0.0082
-9.387e+05,0.0204
-9.3862e+05,0.0247
-9.3854e+05,0.0273
-9.3846e+05,0.0336
-9.3838e+05,0.0408
-9.383e+05,0.0442
-9.379e+05,0.066
-9.3782e+05,0.0689
-9.3758e+05,0.085
-9.375e+05,0.0903
-9.3718e+05,0.1054
-9.3702e+05,0.1125
-9.3695e+05,0.1186
-9.3671e+05,0.127
-9.3631e+05,0.1547
-9.3615e+05,0.1596
-9.3607e+05,0.1663
-9.3599e+05,0.1681
-9.3583e+05,0.1805
-9.3575e+05,0.1877
-9.3567e+05,0.1907
-9.3543e+05,0.2001
-9.3535e+05,0.2072
-9.3519e+05,0.2127
-9.3504e+05,0.2256
-9.3496e+05,0.226
-9.3488e+05,0.2297
-9.3464e+05,0.2435
-9.3448e+05,0.2559
-9.344e+05,0.2588
-9.3432e+05,0.2596
-9.34e+05,0.283
-9.3392e+05,0.2902
-9.3384e+05,0.2938
-9.3368e+05,0.2977
-9.336e+05,0.3028
-9.3352e+05,0.3069
-9.3336e+05,0.3138
-9.3328e+05,0.3201
-9.3321e+05,0.324
-9.3305e+05,0.3317
-9.3289e+05,0.3442
-9.3273e+05,0.3478
-9.3249e+05,0.3603
-9.3241e+05,0.365
-9.3233e+05,0.3735
-9.3217e+05,0.3786
-9.3209e+05,0.3855
-9.3177e+05,0.4037
-9.3169e+05,0.4084
-9.3153e+05,0.4126
-9.3145e+05,0.4188
-9.3137e+05,0.4245
-9.313e+05,0.4259
-9.3114e+05,0.4367
-9.3106e+05,0.44
-9.3074e+05,0.4609
-9.3034e+05,0.4764
-9.3026e+05,0.4807
-9.3018e+05,0.4844
-9.3002e+05,0.4927
-9.2986e+05,0.5031
-9.2978e+05,0.506
-9.297e+05,0.5105
-9.2939e+05,0.5317
-9.2931e+05,0.5394
-9.2923e+05,0.5398
-9.2907e+05,0.5473
-9.2899e+05,0.552
-9.2891e+05,0.5557
-9.2875e+05,0.5626
-9.2867e+05,0.5675
-9.2859e+05,0.5749
-9.2827e+05,0.5928
-9.2819e+05,0.5981
-9.2803e+05,0.5999
-9.2779e+05,0.617
-9.2771e+05,0.6209
-9.2756e+05,0.6321
-9.2748e+05,0.6329
-9.274e+05,0.637
-9.2716e+05,0.6505
-9.2708e+05,0.656
-9.27e+05,0.6568
-9.2692e+05,0.6623
-9.2652e+05,0.6861
-9.2644e+05,0.6894
-9.2636e+05,0.6951
-9.2628e+05,0.6996
-9.262e+05,0.7032
-9.2612e+05,0.7067
-9.2588e+05,0.7228
-9.258e+05,0.7252
-9.2572e+05,0.7283
-9.2557e+05,0.736
-9.2549e+05,0.7399
-9.2517e+05,0.756
-9.2509e+05,0.764
-9.2501e+05,0.7646
-9.2477e+05,0.7764
-9.2469e+05,0.7786
-9.2461e+05,0.7805
-9.2453e+05,0.7829
-9.2429e+05,0.7917
-9.2421e+05,0.7974
-9.2413e+05,0.8004
-9.2381e+05,0.8149
-9.2358e+05,0.8176
-9.2342e+05,0.8251
-9.2334e+05,0.8294
-9.2318e+05,0.8353
-9.231e+05,0.8369
-9.2294e+05,0.8451
-9.2286e+05,0.8524
-9.227e+05,0.8528
-9.2262e+05,0.8544
-9.2254e+05,0.8579
-9.2246e+05,0.8603
-9.2238e+05,0.8608
-9.223e+05,0.8644
-9.2214e+05,0.8732
-9.2206e+05,0.8781
-9.2183e+05,0.8817
-9.2175e+05,0.8895
-9.2159e+05,0.8901
-9.2143e+05,0.8956
-9.2127e+05,0.9042
-9.2119e+05,0.9054
-9.2103e+05,0.9078
-9.2095e+05,0.9137
-9.2071e+05,0.9192
-9.2047e+05,0.929
-9.2039e+05,0.9304
-9.2031e+05,0.9335
-9.2007e+05,0.9433
-9.1992e+05,0.95
-9.1968e+05,0.9575
-9.1944e+05,0.9624
-9.1936e+05,0.9653
-9.1928e+05,0.9704
-9.192e+05,0.9741
-9.1888e+05,0.9851
-9.188e+05,0.9883
-9.1872e+05,0.9891
-9.1848e+05,0.9977
-9.184e+05,1.0005
-9.1809e+05,1.0083
-9.1801e+05,1.0091
-9.1785e+05,1.0164
-9.1761e+05,1.0242
-9.1753e+05,1.026
-9.1737e+05,1.0301
-9.1729e+05,1.0331
-9.1713e+05,1.0354
-9.1697e+05,1.0442
-9.1665e+05,1.0525
-9.1649e+05,1.0537
-9.1633e+05,1.0611
-9.1626e+05,1.0651
-9.1602e+05,1.0692
-9.1586e+05,1.0731
-9.1578e+05,1.0749
-9.1554e+05,1.0802
-9.1522e+05,1.0884
-9.1514e+05,1.0906
-9.149e+05,1.0931
-9.1482e+05,1.0955
-9.145e+05,1.1014
-9.1435e+05,1.1071
-9.1427e+05,1.1116
-9.1387e+05,1.1183
-9.1363e+05,1.1226
-9.1347e+05,1.123
-9.1339e+05,1.1246
-9.1331e+05,1.1303
-9.1283e+05,1.1352
-9.1275e+05,1.1369
-9.1259e+05,1.1403
-9.1244e+05,1.1436
-9.122e+05,1.1497
-9.1188e+05,1.1542
-9.118e+05,1.1564
-9.1164e+05,1.1577
-9.1156e+05,1.1593
-9.1132e+05,1.1621
-9.1124e+05,1.1648
-9.1108e+05,1.1654
-9.11e+05,1.1672
-9.1053e+05,1.1756
-9.1021e+05,1.1801
-9.0997e+05,1.1829
-9.0989e+05,1.1852
-9.0965e+05,1.1878
-9.0957e+05,1.1882
-9.0949e+05,1.1907
-9.0933e+05,1.1925
-9.0917e+05,1.1947
-9.0909e+05,1.198
-9.0877e+05,1.1988
-9.0862e+05,1.2023
-9.0838e+05,1.2053
-9.083e+05,1.2078
-9.0798e+05,1.2098
-9.0782e+05,1.2106
-9.0766e+05,1.2155
-9.0734e+05,1.2186
-9.0726e+05,1.2198
-9.071e+05,1.2212
-9.0702e+05,1.2218
-9.0686e+05,1.2229
-9.0655e+05,1.2259
-9.0639e+05,1.2278
-9.0631e+05,1.2294
-9.0607e+05,1.2316
-9.0583e+05,1.2351
-9.0559e+05,1.2381
-9.0535e+05,1.2398
-9.0519e+05,1.2406
-9.0511e+05,1.2418
-9.0503e+05,1.243
-9.0496e+05,1.2436
-9.048e+05,1.2439
-9.0464e+05,1.2487
-9.044e+05,1.2508
-9.0416e+05,1.252
-9.0384e+05,1.2571
-9.036e+05,1.26
-9.0312e+05,1.262
-9.0297e+05,1.2655
-9.0289e+05,1.2661
-9.0265e+05,1.2667
-9.0241e+05,1.2689
-9.0225e+05,1.2724
-9.0177e+05,1.274
-9.0161e+05,1.2754
-9.0145e+05,1.2767
-9.0129e+05,1.2785
-9.0106e+05,1.2797
-9.009e+05,1.2818
-9.0066e+05,1.2834
-9.0042e+05,1.286
-8.9994e+05,1.2893
-8.9986e+05,1.2897
-8.9978e+05,1.2903
-8.997e+05,1.2911
-8.9946e+05,1.2917
-8.9923e+05,1.2944
-8.9907e+05,1.2954
-8.9883e+05,1.2966
-8.9835e+05,1.2999
-8.9811e+05,1.3011
-8.9771e+05,1.3025
-8.9747e+05,1.3042
-8.974e+05,1.3058
-8.966e+05,1.3091
-8.9644e+05,1.3105
-8.9636e+05,1.3109
-8.962e+05,1.3111
-8.9572e+05,1.3113
-8.9564e+05,1.3115
-8.9549e+05,1.3137
-8.9533e+05,1.3148
-8.9525e+05,1.3158
-8.9461e+05,1.3186
-8.9445e+05,1.3195
-8.9429e+05,1.3209
-8.935e+05,1.3243
-8.9278e+05,1.3266
-8.9182e+05,1.3313
-8.9063e+05,1.3315
-8.9055e+05,1.3343
-8.9039e+05,1.3349
-8.8976e+05,1.3368
-8.8944e+05,1.337
-8.8912e+05,1.3376
-8.888e+05,1.338
-8.8856e+05,1.3388
-8.8777e+05,1.3415
-8.8745e+05,1.3423
-8.8673e+05,1.3443
-8.8546e+05,1.3455
-8.8434e+05,1.3464
-8.8291e+05,1.3478
-8.8164e+05,1.348
-8.806e+05,1.3486
-8.8037e+05,1.3496
-8.7869e+05,1.3512
-8.7432e+05,1.3537
-8.7082e+05,1.3541
-8.6938e+05,1.3563
-8.6556e+05,1.3574
-8.6509e+05,1.3578
-8.6445e+05,1.3584
-8.6182e+05,1.359
-8.6143e+05,1.3594
-8.6015e+05,1.36
-8.5928e+05,1.3625
-8.5267e+05,1.3631
-8.5044e+05,1.3633
-8.3843e+05,1.3635
-8.3525e+05,1.3639
-8.327e+05,1.3643
-8.3206e+05,1.3645
-8.2967e+05,1.3651
-8.2872e+05,1.3659
-8.2474e+05,1.3665
-8.2275e+05,1.3671
-8.171e+05,1.3677
-8.1639e+05,1.3682
-8.0524e+05,1.3684
-8.0278e+05,1.369
-8.0262e+05,1.3698
-8.0127e+05,1.37
-7.9856e+05,1.3702
-7.9745e+05,1.3704
-7.9665e+05,1.3718
-7.91e+05,1.372
-7.9012e+05,1.3722
-7.7795e+05,1.3724
-7.7628e+05,1.3728
-7.7572e+05,1.3735
-7.7071e+05,1.3739
-7.6983e+05,1.3741
-7.6195e+05,1.3749
-7.6156e+05,1.3765
-7.5559e+05,1.3769
-7.3848e+05,1.3771
-7.3339e+05,1.3773
-7.3291e+05,1.3777
-7.2622e+05,1.3785
-7.2599e+05,1.379
-7.076e+05,1.3796
-6.9789e+05,1.3804
-6.9447e+05,1.3806
-6.823e+05,1.3808
-6.8023e+05,1.381
-6.7752e+05,1.3816
-6.7171e+05,1.3822
-6.6917e+05,1.3826
-6.6726e+05,1.3828
-6.6543e+05,1.3832
-6.4911e+05,1.3845
-6.4203e+05,1.3849
-6.4179e+05,1.3855
-6.3598e+05,1.3857
-6.3551e+05,1.3867
-6.3065e+05,1.3881
-6.0232e+05,1.3883
-5.9882e+05,1.3885
-5.9715e+05,1.3891
-5.9604e+05,1.3893
-5.95e+05,1.3904
-5.9444e+05,1.3912
-5.471e+05,1.3918
-5.3572e+05,1.3924
-5.1733e+05,1.3936
-5.0102e+05,1.3938
-4.9155e+05,1.3944
-4.9075e+05,1.3961
-4.4914e+05,1.3965
-4.3839e+05,1.3983
-4.2057e+05,1.3985
-4.1102e+05,1.3993
-3.5818e+05,1.3997
-3.4075e+05,1.401
-3.2404e+05,1.4016
-3.1449e+05,1.4022
-3.0494e+05,1.4024
-2.942e+05,1.4032
-2.8624e+05,1.4042
-2.7908e+05,1.4044
-2.7112e+05,1.4054
-2.4605e+05,1.4067
-2.2178e+05,1.4083
-1.9632e+05,1.4091
-1.769e+05,1.4093
-1.6695e+05,1.4105
-1.6218e+05,1.4116
-1.3433e+05,1.4118
-1.2955e+05,1.412
-1.0886e+05,1.413
-1.0409e+05,1.4136
-72336,1.4142
-63980,1.4146
-55625,1.4162
-33025,1.4169
-24669,1.4179
-13608,1.4187
-4138,1.4191
15677,1.4197
20451,1.4201
27613,1.4209
36287,1.4211
52123,1.4217
56898,1.422
59206,1.4222
72654,1.4228
84511,1.4232
95573,1.4238
1.208e+05,1.424
1.2947e+05,1.4254
1.4173e+05,1.4258
1.5e+05,1.427
1.6966e+05,1.4273
1.8772e+05,1.4275
3.2921e+05,1.4283
3.725e+05,1.4287
3.8173e+05,1.4293
3.9558e+05,1.4301
4.0481e+05,1.4303
4.0863e+05,1.4309
4.1786e+05,1.4311
4.4762e+05,1.4319