-9.4116e+05,0
-9.4069e+05,0.0047
-9.4045e+05,0.0126
-9.4037e+05,0.0233
-9.4021e+05,0.0477
-9.4005e+05,0.0652
-9.3957e+05,0.0728
-9.3901e+05,0.084
-9.3878e+05,0.0889
-9.3862e+05,0.1213
-9.3822e+05,0.1292
-9.379e+05,0.1335
-9.3758e+05,0.1465
-9.3726e+05,0.1498
-9.3702e+05,0.1898
-9.3687e+05,0.1925
-9.3679e+05,0.2024
-9.3639e+05,0.2458
-9.3631e+05,0.2505
-9.3599e+05,0.2563
-9.3583e+05,0.3035
-9.3519e+05,0.3089
-9.3496e+05,0.3149
-9.348e+05,0.3217
-9.3456e+05,0.3888
-9.3416e+05,0.39
-9.3392e+05,0.3952
-9.3376e+05,0.4137
-9.3368e+05,0.4641
-9.3321e+05,0.4763
-9.3289e+05,0.5363
-9.3233e+05,0.539
-9.3201e+05,0.6009
-9.3193e+05,0.6461
-9.3169e+05,0.6506
-9.3153e+05,0.7121
-9.313e+05,0.7192
-9.3098e+05,0.7625
-9.3082e+05,0.7883
-9.3074e+05,0.8238
-9.3042e+05,0.8357
-9.3018e+05,0.8417
-9.297e+05,0.895
-9.2946e+05,0.8972
-9.2939e+05,0.9451
-9.2931e+05,0.9507
-9.2899e+05,0.9565
-9.2883e+05,1.0066
-9.2867e+05,1.0072
-9.2843e+05,1.018
-9.2835e+05,1.0609
-9.2819e+05,1.0658
-9.2795e+05,1.07
-9.2771e+05,1.0819
-9.2732e+05,1.1251
-9.2724e+05,1.1259
-9.2716e+05,1.1535
-9.2676e+05,1.1618
-9.266e+05,1.1641
-9.262e+05,1.168
-9.2596e+05,1.1954
-9.2572e+05,1.1971
-9.2557e+05,1.1998
-9.2541e+05,1.2185
-9.2525e+05,1.2241
-9.2501e+05,1.2278
-9.2485e+05,1.2286
-9.2453e+05,1.2472
-9.2445e+05,1.248
-9.2437e+05,1.2522
-9.2413e+05,1.2561
-9.2366e+05,1.2714
-9.2286e+05,1.2912
-9.227e+05,1.2984
-9.223e+05,1.3064
-9.2222e+05,1.3102
-9.2183e+05,1.3133
-9.2143e+05,1.3153
-9.2135e+05,1.3205
-9.2103e+05,1.3215
-9.2095e+05,1.3244
-9.2047e+05,1.3258
-9.2007e+05,1.3265
-9.1984e+05,1.3298
-9.1928e+05,1.3347
-9.1896e+05,1.3376
-9.184e+05,1.3395
-9.1832e+05,1.3409
-9.1801e+05,1.3442
-9.1785e+05,1.3483
-9.1753e+05,1.3498
-9.1721e+05,1.3512
-9.1697e+05,1.3547
-9.1665e+05,1.357
-9.1602e+05,1.3578
-9.157e+05,1.3582
-9.1562e+05,1.3601
-9.1522e+05,1.3607
-9.1498e+05,1.3624
-9.1435e+05,1.3636
-9.1427e+05,1.3638
-9.1395e+05,1.3667
-9.1299e+05,1.3686
-9.1291e+05,1.3694
-9.1116e+05,1.3721
-9.1013e+05,1.3741
-9.0965e+05,1.3747
-9.0909e+05,1.3764
-9.0885e+05,1.3776
-9.0838e+05,1.3778
-9.0782e+05,1.3791
-9.0766e+05,1.3799
-9.0647e+05,1.3813
-9.0639e+05,1.382
-9.0567e+05,1.3832
-9.0472e+05,1.384
-9.0464e+05,1.3846
-9.0241e+05,1.3849
-9.0217e+05,1.3861
-9.0066e+05,1.3865
-8.9931e+05,1.3867
-8.9859e+05,1.3877
-8.9843e+05,1.3882
-8.9716e+05,1.3892
-8.9684e+05,1.3894
-8.9668e+05,1.3896
-8.9644e+05,1.3904
-8.9628e+05,1.3915
-8.9517e+05,1.3927
-8.9159e+05,1.3935
-8.9151e+05,1.3937
-8.8976e+05,1.3939
-8.8896e+05,1.3952
-8.8713e+05,1.3956
-8.8697e+05,1.3966
-8.8673e+05,1.3976
-8.81e+05,1.3989
-8.7623e+05,1.3997
-8.7583e+05,1.4001
-8.7535e+05,1.4005
-8.7487e+05,1.4007
-8.5713e+05,1.4018
-8.5578e+05,1.4032
-8.4209e+05,1.4047
-8.4169e+05,1.4053
-8.1177e+05,1.4057
-8.0333e+05,1.4061
-8.0103e+05,1.4063
-7.9697e+05,1.4065
-7.9458e+05,1.4067
-7.9132e+05,1.4071
-7.902e+05,1.4076
-7.8599e+05,1.4086
-7.8193e+05,1.409
-7.793e+05,1.4092
-7.4683e+05,1.4098
-7.4596e+05,1.4107
-7.4015e+05,1.4115
-7.3657e+05,1.4119
-7.3617e+05,1.4121
-7.3378e+05,1.4125
-7.3235e+05,1.4137
-6.9972e+05,1.414
-6.9925e+05,1.4144
-6.9909e+05,1.4148
-6.9869e+05,1.4152
-6.9272e+05,1.4164
-6.6248e+05,1.4168
-6.6185e+05,1.4173
-6.6073e+05,1.4183
-6.5261e+05,1.4191
-6.4354e+05,1.4193
-6.4338e+05,1.4195
-6.4108e+05,1.4197
-6.067e+05,1.4199
-6.0367e+05,1.4203
-6.0352e+05,1.4208
-5.7646e+05,1.421
-5.7407e+05,1.4214
-5.72e+05,1.4216
-5.7057e+05,1.4218
-5.4001e+05,1.422
-5.393e+05,1.4222
-5.3882e+05,1.4232
-5.3253e+05,1.4234
-5.311e+05,1.4237
-5.28e+05,1.4241
-4.9489e+05,1.4243
-4.9402e+05,1.4245
-4.9282e+05,1.4247
-4.8526e+05,1.4249
-4.8399e+05,1.4257
-4.8296e+05,1.427
-4.8144e+05,1.4272
-4.7189e+05,1.4276
-4.7014e+05,1.4282
-4.6959e+05,1.4288
-4.6418e+05,1.429
-4.6155e+05,1.4296
-4.5725e+05,1.43
-4.5693e+05,1.4305
-4.5176e+05,1.4315
-4.4699e+05,1.4331
-4.1921e+05,1.4333
-4.1516e+05,1.4338
-4.115e+05,1.4344
-4.0839e+05,1.4356
-4.064e+05,1.4358
-4.0489e+05,1.4364
-3.9884e+05,1.4371
-3.9184e+05,1.4375
-3.5937e+05,1.4385
-3.4895e+05,1.4391
-3.4059e+05,1.4395
-3.2722e+05,1.4397
-3.2412e+05,1.4402
-3.2022e+05,1.4414
-3.1767e+05,1.442
-3.1505e+05,1.4422
-2.9483e+05,1.443
-2.8823e+05,1.4433
-2.8226e+05,1.4437
-2.759e+05,1.4447
-2.6141e+05,1.4449
-2.599e+05,1.4457
-2.4574e+05,1.4466
-2.4351e+05,1.4474
-2.4231e+05,1.4478
-2.2942e+05,1.448
-2.291e+05,1.4484
-2.1581e+05,1.449
-1.9847e+05,1.4503
-1.9823e+05,1.4507
-1.5557e+05,1.4511
-1.5518e+05,1.4513
-1.5438e+05,1.4519
-1.5366e+05,1.4523
-1.2605e+05,1.4525
-1.1236e+05,1.4527
-94061,1.4534
-78861,1.454
-76235,1.4542
-75519,1.4548
-63582,1.4554
-62389,1.456
-56420,1.4563
-39868,1.4565
-38834,1.4577
-32229,1.4579
-31831,1.4581
-30558,1.4585
-28250,1.4591
-12175,1.4598
-10504,1.4602
-9151.4,1.4606
-8196.5,1.4608
-6684.5,1.461
-4933.8,1.4614
19178,1.4622
20372,1.4624
25226,1.4627
27136,1.4629
29205,1.4637
1.1061e+05,1.4641
1.173e+05,1.4645
1.1801e+05,1.4655
1.7125e+05,1.466
2.4542e+05,1.4668
2.4757e+05,1.467
2.4892e+05,1.4672
2.5027e+05,1.4676
2.5576e+05,1.4686
2.5688e+05,1.4693
2.5751e+05,1.4695
2.9229e+05,1.4697
2.9643e+05,1.4701
3.1871e+05,1.4707
5.2386e+05,1.4709
5.2569e+05,1.4713
5.2975e+05,1.4715
5.3054e+05,1.4717
5.3094e+05,1.4719
5.3198e+05,1.4728